3.113536803089483218e+00 4.721020975678671405e+00 3.939946120259638196e+00 -2.464583533936316826e-03 -5.818917138270949217e-03 1.051539512057910603e-03
3.109629184166791571e+00 4.711797321481184575e+00 3.941610687119092127e+00 -2.465700500379831243e-03 -5.818654261242466388e-03 1.048659692549156006e-03
3.105719240147843951e+00 4.702573900692370579e+00 3.943269455904355958e+00 -2.467517276127789271e-03 -5.818622208940200068e-03 1.044224028914054374e-03
3.101806865873689478e+00 4.693350507223282619e+00 3.944922300604368992e+00 -2.468766797781243687e-03 -5.818620144606343435e-03 1.041185220099320307e-03
3.097892766202009707e+00 4.684127114119287505e+00 3.946570950511433917e+00 -2.469694230873990641e-03 -5.818621948688863094e-03 1.038931420352019351e-03
3.093977337153656748e+00 4.674903717807210590e+00 3.948216370050032342e+00 -2.470444086757899501e-03 -5.818624302755869525e-03 1.037109434710401824e-03
3.090060806660737125e+00 4.665680317692750378e+00 3.949859113374842412e+00 -2.471083935251409958e-03 -5.818626814633714138e-03 1.035554816980369369e-03
3.086143321529716044e+00 4.656456913527619257e+00 3.951499537277274321e+00 -2.471648563848763587e-03 -5.818629460324898500e-03 1.034182998319163908e-03
3.082224985027054220e+00 4.647233505069916504e+00 3.953137892717156543e+00 -2.472158119970712092e-03 -5.818632264876682884e-03 1.032945018894766351e-03
3.078305874341352055e+00 4.638010092015226071e+00 3.954774367267352098e+00 -2.472625358928205296e-03 -5.818635286715534947e-03 1.031809862629488308e-03
3.074386049815330146e+00 4.628786673809374363e+00 3.956409107324479812e+00 -2.473058780161508513e-03 -5.818638785185636236e-03 1.030756593154507359e-03
3.070465559662045152e+00 4.619563248232214647e+00 3.958042231308120051e+00 -2.473465189343650346e-03 -5.818644603970601382e-03 1.029770847954847779e-03
3.066544438267544415e+00 4.610339800381958675e+00 3.959673839882949853e+00 -2.473855234140583722e-03 -5.818666897543560423e-03 1.028844588021774831e-03
3.062622671541462172e+00 4.601116217053750290e+00 3.961304036492955483e+00 -2.474279489632163175e-03 -5.818815516506382554e-03 1.027989359045387591e-03
3.058699912862136383e+00 4.591891620603926860e+00 3.962933048352172083e+00 -2.475107402258564394e-03 -5.819944911566342881e-03 1.027349777133460982e-03
3.054773268893500315e+00 4.582659185810419089e+00 3.964562140683424829e+00 -2.479186346715763281e-03 -5.828703206509056566e-03 1.028090891348469160e-03
3.050820127419942018e+00 4.573365809385362191e+00 3.966200706353343541e+00 -2.508576515323582192e-03 -5.896819799204016527e-03 1.039302375022606913e-03
3.046665038303169037e+00 4.563598292833089154e+00 3.967921384313033872e+00 -2.734273185974387538e-03 -6.426808173718014799e-03 1.131692717065399794e-03
3.043458756028375234e+00 4.556063721279324241e+00 3.969247437456391747e+00 -2.735239980114465702e-03 -6.426214666792142739e-03 1.130385372023744953e-03
3.039299006451277485e+00 4.546300663225024685e+00 3.970960673696521948e+00 -2.512827810485278746e-03 -5.892066772228177728e-03 1.031220434550225240e-03
3.035319252433855475e+00 4.537041018253606062e+00 3.972553103338098524e+00 -2.508407069987939313e-03 -5.790917973884585415e-03 9.779625836247283783e-04
3.031195988670363661e+00 4.528071468281608780e+00 3.973851548220867169e+00 -2.693793645406431739e-03 -5.525933066046177441e-03 6.602971801859883194e-04
3.026862908383514572e+00 4.520893061520749434e+00 3.975635326779059842e+00 -2.772058547468672814e-03 -3.531082221403513202e-03 1.590312513160690782e-03
3.022452543551673365e+00 4.516659222957764896e+00 3.978952460603211172e+00 -2.791475187835559466e-03 -1.810780020388587201e-03 2.594945519276187131e-03
3.017892738678165543e+00 4.513723881005584637e+00 3.982908861928288413e+00 -2.961729878624264241e-03 -1.892662870850693024e-03 2.396882155797821178e-03
3.012862414349387397e+00 4.510508930897655588e+00 3.986924807476468047e+00 -3.385252071658688151e-03 -2.163406712952472763e-03 2.670073009222210473e-03
3.010927415907117322e+00 4.509270301454429308e+00 3.988436242204803861e+00 -3.382320305908307224e-03 -2.168644977530321833e-03 2.616102096507854149e-03
3.005923285746102014e+00 4.506017734711099010e+00 3.992030997368852141e+00 -2.931298642407494971e-03 -1.935429978472510276e-03 1.919433315249866046e-03
3.002173584167827425e+00 4.504192026931043813e+00 3.994563427138673184e+00 -1.798764866726093896e-03 -3.687874827176951665e-04 1.275756447236112362e-03
3.000386808305284259e+00 4.505255433796933495e+00 3.996309229675139907e+00 -4.543360432267981260e-04 1.709661574527142130e-03 9.269385527663056906e-04
3.000907533032628471e+00 4.510373902060353046e+00 3.997414222222608782e+00 1.113229897479362396e-03 4.747383164938557588e-03 4.672406333145246349e-04
3.004017606451976796e+00 4.520793281478534986e+00 3.997827649057932309e+00 2.813053824561287993e-03 8.397789233582605636e-03 5.438377953425762402e-05
3.005491498034947639e+00 4.525146443390287487e+00 3.997841093763275566e+00 2.993591992008114416e-03 8.751984327860860835e-03 -1.416733122658430054e-06
3.010029193052702556e+00 4.538343159478223754e+00 3.997815443005310332e+00 2.731134950095092523e-03 7.898600974635201083e-03 -3.094706240174318332e-05
3.014410557762797982e+00 4.550934372114153526e+00 3.997724997479775055e+00 2.796934829979964149e-03 7.987810643949794231e-03 -8.316888296323732949e-05
3.019461068841979401e+00 4.564833113626500349e+00 3.997289501833694914e+00 3.576319122890086240e-03 9.547878611528294243e-03 -4.662999499122759428e-04
3.019832558099882824e+00 4.565787498386227661e+00 3.997220711761866330e+00 4.631313829259199252e-03 1.153794879161625792e-02 -1.053525407718758963e-03
3.027498714299987626e+00 4.584610201349996750e+00 3.995328495061333918e+00 5.041575158577247216e-03 1.221057904157065062e-02 -1.333901679893383313e-03
3.035532328345908137e+00 4.604035123166061005e+00 3.993185903409826931e+00 5.094575190692303586e-03 1.229799631023581474e-02 -1.369425769367778973e-03
3.043615634956548632e+00 4.623543492106389152e+00 3.991014891787159957e+00 5.104229540489758042e-03 1.231589203866281096e-02 -1.369759416990142410e-03
3.051725127362527878e+00 4.643108873364639955e+00 3.988869766571634834e+00 5.127636566605829616e-03 1.236992073681867504e-02 -1.336764653125453511e-03
3.059991607774362077e+00 4.663041674184425389e+00 3.986957865763183229e+00 5.302524102075985117e-03 1.277937454360129725e-02 -1.075498053170705071e-03
3.068589791558824498e+00 4.683754066090151547e+00 3.985452431562630071e+00 5.546252675625072161e-03 1.335349538329270828e-02 -8.239220227684540499e-04
3.077881900179628705e+00 4.706128093573503257e+00 3.984104139358223495e+00 6.178646239237620477e-03 1.487563412004836924e-02 -8.772305618756784731e-04
3.084398101487296096e+00 4.721816225392627686e+00 3.983181518087670181e+00 6.181409955190782929e-03 1.488189774155216846e-02 -8.728139749690273395e-04
3.093712572171122499e+00 4.744239731555038198e+00 3.981867373603501292e+00 5.569840911873064418e-03 1.341043342463734030e-02 -7.852541192710020242e-04
3.102479568440766222e+00 4.765347200136836214e+00 3.980631542983146698e+00 5.491453381974232932e-03 1.322110890405797483e-02 -7.740046579639021235e-04
3.111176389671256981e+00 4.786285341188105669e+00 3.979405767532288252e+00 5.481402955645741162e-03 1.319674875472884312e-02 -7.725674201108139122e-04
3.119864210957042694e+00 4.807201694380222712e+00 3.978181270656051538e+00 5.480111261661476524e-03 1.319361350592181473e-02 -7.723914686893624789e-04
3.128550873256864318e+00 4.828115242830328668e+00 3.976956924465536503e+00 5.479942349912375783e-03 1.319320928654933896e-02 -7.723772985604968359e-04
3.137237382083984727e+00 4.849028429795863460e+00 3.975732584501860956e+00 5.479917842690389639e-03 1.319315732756161548e-02 -7.723836122287225468e-04
3.145923868963019565e+00 4.869941575401920630e+00 3.974508232407287789e+00 5.479914689958549287e-03 1.319315708961802704e-02 -7.723926042250429383e-04
3.154610369668914949e+00 4.890854765144464267e+00 3.973283863718686693e+00 5.479935323120890302e-03 1.319321300018735932e-02 -7.724045490653861203e-04
3.163297033888837539e+00 4.911768354348497567e+00 3.972059458104662433e+00 5.480121241275937721e-03 1.319366099113871392e-02 -7.724391933684245527e-04
3.171985004201538505e+00 4.932685067472277751e+00 3.970834856237043464e+00 5.481585128508798845e-03 1.319715368429731465e-02 -7.726521640174384940e-04
3.180683133609814472e+00 4.953626098020711410e+00 3.969608816148150421e+00 5.492953818756365729e-03 1.322433635438708885e-02 -7.742538102816535431e-04
3.189460041864589090e+00 4.974756352840095985e+00 3.968371676599508735e+00 5.581095918400658801e-03 1.343585197861224545e-02 -7.866564537244186573e-04
3.198847604949675016e+00 4.997358979491893116e+00 3.967048302881123423e+00 6.264315854741344010e-03 1.508167164434385220e-02 -8.830562495922339352e-04
3.204885803188869620e+00 5.011896281767167061e+00 3.966197163434443507e+00 6.264262449658573005e-03 1.508157650787327400e-02 -8.829610679986030913e-04
3.214274383937956614e+00 5.034498260496723887e+00 3.964873887030943234e+00 5.580385534028258453e-03 1.343598017822587865e-02 -7.866288522391541842e-04
3.223050592509001611e+00 5.055627747100412961e+00 3.963636966871657119e+00 5.492517517263539872e-03 1.322334839616384761e-02 -7.740046062135689381e-04
3.231746828376042657e+00 5.076561489243428760e+00 3.962412830738793357e+00 5.479594022480186941e-03 1.318896090581172034e-02 -7.704991293792834471e-04
3.240421349936063677e+00 5.097421130020412861e+00 3.961203461745174792e+00 5.465104967200568042e-03 1.312985497295914884e-02 -7.553727717994638885e-04
3.249004477982997852e+00 5.117890716001988416e+00 3.960098107461650141e+00 5.364049251681923640e-03 1.269687892454618786e-02 -6.392628199659739505e-04
3.256890870272918015e+00 5.135350011920778890e+00 3.959800306528917346e+00 4.584202071158768009e-03 9.332165729986361194e-03 2.635246641176972569e-04
3.263821490825865368e+00 5.143813219707796591e+00 3.960323056269808628e+00 4.155266773161591515e-03 1.346210773035078686e-03 3.960334568387066287e-04
3.270643779697904652e+00 5.141469748060070621e+00 3.960353816831406970e+00 4.448972561742340834e-03 -4.303173937962741745e-03 -3.572225754157495837e-04
3.277728098521140332e+00 5.134071758181622869e+00 3.959710691135731153e+00 4.488934756919432494e-03 -5.030965010396517938e-03 -4.542149867636971049e-04
3.284855388443009172e+00 5.126014219804916117e+00 3.958980025147187831e+00 4.503577531089953193e-03 -5.135316788965939468e-03 -4.676729621983714662e-04
3.292053678977645781e+00 5.117797058343731109e+00 3.958231272074030915e+00 4.578521504241103192e-03 -5.232400488948572501e-03 -4.770356265618227185e-04
3.299770215492640268e+00 5.108978241090877503e+00 3.957427129151015244e+00 5.157102293013919765e-03 -5.894744957614828085e-03 -5.375588414920698648e-04
3.304575534124016389e+00 5.103485310531906016e+00 3.956926256397923058e+00 5.156790796869255983e-03 -5.895000072040254904e-03 -5.374887041715327440e-04
3.312291425283494295e+00 5.094664486721136143e+00 3.956121969835255214e+00 4.578842106772778621e-03 -5.233957521486661164e-03 -4.772869953429693382e-04
3.319490547984583539e+00 5.086435056874336169e+00 3.955371455948236026e+00 4.504420049714844519e-03 -5.149145965516997887e-03 -4.696432283438078405e-04
3.326623219373823659e+00 5.078280956592620576e+00 3.954627199491894007e+00 4.494953357273986753e-03 -5.138953906464504076e-03 -4.693919379251718744e-04
3.333748176474930602e+00 5.070131660229044712e+00 3.953878679502969895e+00 4.494677935905935090e-03 -5.143090534819072177e-03 -4.750225663296854788e-04
3.340878782564695726e+00 5.061945113773205662e+00 3.953090239632205183e+00 4.502056649680077037e-03 -5.185957463718213721e-03 -5.197592173253571006e-04
3.348062200991378745e+00 5.053459380463369399e+00 3.951990528141291481e+00 4.561130283928994944e-03 -5.520609592273705880e-03 -8.677568114820871648e-04
3.355660617271056800e+00 5.042646319928951293e+00 3.948470100922895742e+00 5.024253178782732768e-03 -8.122619707928229252e-03 -3.573998352607001428e-03
3.363991861784453974e+00 5.027708345224555231e+00 3.940659814239905412e+00 5.485747168444943776e-03 -1.072505195981019246e-02 -6.280311665765293816e-03
3.372735561939200544e+00 5.010441549968316366e+00 3.930428248374538747e+00 5.546063155486085326e-03 -1.106066511724871845e-02 -6.628948404074452676e-03
3.381536316989388169e+00 4.992868090098216527e+00 3.919880956652847637e+00 5.557910836254353198e-03 -1.111194346035880055e-02 -6.678665861369038025e-03
3.390372622874707087e+00 4.975198686781189927e+00 3.909259096728390226e+00 5.590906505150050783e-03 -1.118173103280355879e-02 -6.723031786336411755e-03
3.399433134929505940e+00 4.957077727294919356e+00 3.898363524350345610e+00 5.840526425240321652e-03 -1.168181094226202615e-02 -7.024011363143692344e-03
3.400102394223610602e+00 4.955739204198938097e+00 3.897558692343742859e+00 5.841021489029129751e-03 -1.168136344261034264e-02 -7.023882566213523505e-03
3.409163125466680100e+00 4.937617841198612467e+00 3.886662562988377978e+00 5.591309572513501920e-03 -1.118237698574650607e-02 -6.723863326636624060e-03
3.418000634033178997e+00 4.919942890033968119e+00 3.876034795544702760e+00 5.559108516562910607e-03 -1.111825671665690220e-02 -6.685287892003674744e-03
3.426809355347268937e+00 4.902325302810259799e+00 3.865441530251986446e+00 5.554953623995960432e-03 -1.111001780590102628e-02 -6.680331647755622868e-03
3.435614360197055461e+00 4.884715085879665963e+00 3.854852694893788900e+00 5.554414946504094425e-03 -1.110895979770540852e-02 -6.679698603175153460e-03
3.444418881101049656e+00 4.867105814914899575e+00 3.844264422312618557e+00 5.554342450349944275e-03 -1.110882456187141896e-02 -6.679621586841317897e-03
3.453223334683379164e+00 4.849496664351370612e+00 3.833676215075199512e+00 5.554329932260298683e-03 -1.110880792363772886e-02 -6.679616158368277025e-03
3.462027774452695272e+00 4.831887528049835012e+00 3.823088009068540405e+00 5.554325012813780132e-03 -1.110880657210670981e-02 -6.679620033979974912e-03
3.470832207115615908e+00 4.814278392296520437e+00 3.812499795863618424e+00 5.554320964793684791e-03 -1.110880723248315605e-02 -6.679625240482473143e-03
3.479636633365629894e+00 4.796669255253582342e+00 3.801911574154243745e+00 5.554316921390853486e-03 -1.110880819924057496e-02 -6.679630764125472735e-03
3.488441053111117629e+00 4.779060116607277919e+00 3.791323343531523893e+00 5.554312757908735389e-03 -1.110880925539063820e-02 -6.679636486531626699e-03
3.497245466139274672e+00 4.761450976235583887e+00 3.780735103680858522e+00 5.554308446022932118e-03 -1.110881037608910452e-02 -6.679642407108234668e-03
3.506049872203464979e+00 4.743841834033148963e+00 3.770146854274205150e+00 5.554303971356443215e-03 -1.110881156515247832e-02 -6.679648543409056304e-03
3.514854271032728850e+00 4.726232689884252380e+00 3.759558594951321719e+00 5.554299317590832494e-03 -1.110881283184748936e-02 -6.679654918506263382e-03
3.523658662329419933e+00 4.708623543653557064e+00 3.748970325308765172e+00 5.554294467371141339e-03 -1.110881419165483421e-02 -6.679661563834741848e-03
3.532463045783442279e+00 4.691014395144501137e+00 3.738382044865594001e+00 5.554289422316886771e-03 -1.110881570635468239e-02 -6.679668545740531475e-03
3.541267421225501977e+00 4.673405243787399854e+00 3.727793752842231356e+00 5.554284358241924451e-03 -1.110881778504966590e-02 -6.679676174668089730e-03
3.550071789868691319e+00 4.655796086239443632e+00 3.717205446493653920e+00 5.554280841836375764e-03 -1.110882351837810290e-02 -6.679686619994351648e-03
3.558876164072128478e+00 4.638186897687431198e+00 3.706617108221710311e+00 5.554291356456368157e-03 -1.110885691189154173e-02 -6.679716452671381755e-03
3.567680643547710861e+00 4.620577486584797278e+00 3.696028605446572080e+00 5.554413531627562517e-03 -1.110910438208123283e-02 -6.679894175176791932e-03
3.576486009591630211e+00 4.602966366028326206e+00 3.685438912064651351e+00 5.555408914819446285e-03 -1.111101428930700089e-02 -6.681218652118856363e-03
3.585298361411607182e+00 4.585341983272075872e+00 3.674840049849247503e+00 5.563219522565767024e-03 -1.112584166564807922e-02 -6.691462576097539916e-03
3.594165263847452163e+00 4.567614564130560773e+00 3.664169971216498567e+00 5.624173552259167756e-03 -1.124104933879509563e-02 -6.771073056111624744e-03
3.603457570944868849e+00 4.549086476410344915e+00 3.652946152329653362e+00 6.099471773406312490e-03 -1.213631060335763900e-02 -7.390121710519106588e-03
3.610620170960572750e+00 4.534956420899635354e+00 3.644159930755134003e+00 6.019847036722172223e-03 -1.177175487617149706e-02 -7.476192949280509661e-03
3.619285010804843328e+00 4.519289855854161431e+00 3.632260029937339318e+00 4.915023438712825751e-03 -7.994211644123078858e-03 -7.538020562475130151e-03
3.626731809292837116e+00 4.508660188135324098e+00 3.619525195155725683e+00 4.482284508952225424e-03 -5.417071829787809510e-03 -8.529636754648564287e-03
3.627439286617287539e+00 4.507827169963856129e+00 3.618159292756641943e+00 4.389103923080388270e-03 -5.028497320187288837e-03 -8.598003885284619813e-03
3.634160997184473274e+00 4.500246559886597275e+00 3.604886353916923358e+00 4.092056027432016026e-03 -4.535845593135441958e-03 -8.148584235013769245e-03
3.640611189644865409e+00 4.493151649801257363e+00 3.592011470751193425e+00 4.046294804557125542e-03 -4.415841368359247829e-03 -8.095773407036776365e-03
3.646973783988575857e+00 4.486513563797577042e+00 3.579153203841024755e+00 3.981741839173208800e-03 -3.959454619556517473e-03 -8.127619353660140225e-03
3.652912006736954265e+00 4.483000996514946657e+00 3.566028414088698195e+00 3.512746417145814169e-03 -4.720930883084321081e-04 -8.432047710427230738e-03
3.658334009113303420e+00 4.486192411156010529e+00 3.552254167651581085e+00 3.331344147406448998e-03 4.498844109775934977e-03 -8.947044782609150579e-03
3.663824985639230203e+00 4.495012939701053867e+00 3.537844363376801748e+00 3.598004993866653171e-03 6.629934614978281494e-03 -9.233936837055593122e-03
3.669584981072586238e+00 4.505796373966626689e+00 3.523102231051091326e+00 3.669657322396738426e-03 6.975582224797385704e-03 -9.366346118730885587e-03
3.675641420162285122e+00 4.517330914168981693e+00 3.507653294683516165e+00 3.972190517427079924e-03 7.577468463571478477e-03 -1.012571795002582820e-02
3.676547271374116299e+00 4.519059510694875215e+00 3.505345071214151176e+00 3.975460819769419986e-03 7.588686930974436300e-03 -1.012589991600047236e-02
3.682638092152962450e+00 4.530679962087065249e+00 3.489893533477666399e+00 3.709071522483708624e-03 7.073112682211947846e-03 -9.369446323661261011e-03
3.688675575295119469e+00 4.542142763490166324e+00 3.475130135321587321e+00 3.908681764366540336e-03 7.389488516392811804e-03 -9.257667924464880321e-03
3.696328194615527085e+00 4.556250343473331910e+00 3.460556365665280687e+00 5.748587755628038753e-03 1.040903440694508283e-02 -9.130190314129496554e-03
3.702452331220662529e+00 4.567522138062972914e+00 3.451972923699220708e+00 6.667308416721869080e-03 1.244126181068836226e-02 -8.270519164371329529e-03
3.712380236091652908e+00 4.586662238138979220e+00 3.439539073778796752e+00 5.858378447190778354e-03 1.170848750509298312e-02 -7.417382805299833036e-03
3.721583748318122886e+00 4.605147109697729668e+00 3.427867889143557889e+00 5.753731730181575570e-03 1.161411559124485814e-02 -7.308257410672875341e-03
3.730692166036162938e+00 4.623547598347212961e+00 3.416293210443686057e+00 5.738447853257054240e-03 1.160196518914691395e-02 -7.295620385516875424e-03
3.739777689599721011e+00 4.641937240045190372e+00 3.404722896127763576e+00 5.724852536534416614e-03 1.160042883896656926e-02 -7.302750827595422961e-03
3.748781024223560188e+00 4.660325562425220447e+00 3.393093532590508055e+00 5.634750102862563087e-03 1.160034819282114091e-02 -7.370123327211223520e-03
3.757160652293157543e+00 4.678713505766884495e+00 3.380995440297392296e+00 4.937915406241318549e-03 1.160032808711851382e-02 -7.894150178509848348e-03
3.764235798978345926e+00 4.697102925303788368e+00 3.367983196668707269e+00 3.988873399978576720e-03 1.160236763563895872e-02 -8.523516413796323674e-03
3.770265128662636744e+00 4.715506714588377335e+00 3.354316130824876563e+00 3.618405533503303486e-03 1.161809856863148943e-02 -8.720345346097540390e-03
3.775991953192863626e+00 4.734020299259988462e+00 3.340400789636869927e+00 3.607265916239599940e-03 1.174067395851647634e-02 -8.836767682377550878e-03
3.781935671499061069e+00 4.753387426082393397e+00 3.325821115969710196e+00 3.892580088799586693e-03 1.269483636440011699e-02 -9.558539700615346565e-03
3.786675833476276232e+00 4.768849721089280180e+00 3.314178380750507635e+00 3.890921602244058752e-03 1.269474788156413868e-02 -9.559201014528020957e-03
3.792610784090903575e+00 4.788216525322848582e+00 3.299594947771057551e+00 3.596674911561351367e-03 1.174071600746008984e-02 -8.840849527105929667e-03
3.798279812028455993e+00 4.806729825916372434e+00 3.285656807535142221e+00 3.555921177990702987e-03 1.161771652038106652e-02 -8.745029268277955056e-03
3.803900630813828787e+00 4.825131444691947991e+00 3.271828653862016711e+00 3.535914287561465769e-03 1.159979308930473435e-02 -8.702078476621414455e-03
3.809423969651137387e+00 4.843503945505664987e+00 3.258232473883347247e+00 3.432929172106338658e-03 1.158102973710124078e-02 -8.452345939988201856e-03
3.814265847405261312e+00 4.861757116208057283e+00 3.246376976452092222e+00 2.676037546875431692e-03 1.144963998899656103e-02 -6.505843413554241936e-03
3.817907835804938088e+00 4.879802836125244347e+00 3.237606693016231496e+00 1.919016705342931799e-03 1.131928719172163242e-02 -4.559703272996580223e-03
3.820868847986594652e+00 4.897734431381623565e+00 3.230574652589452089e+00 1.816914998229049319e-03 1.130524035626001220e-02 -4.312686338275367390e-03
3.823739674414420087e+00 4.915671046993071336e+00 3.223756224839045004e+00 1.805249768823298084e-03 1.132556515544182185e-02 -4.290186208864830465e-03
3.826620817794954110e+00 4.933762408534752453e+00 3.216905770600816172e+00 1.830028175353697528e-03 1.150046209223212768e-02 -4.353094450371859658e-03
3.829691675747134649e+00 4.953072439510280311e+00 3.209596612221925049e+00 2.045353589750184640e-03 1.286305340265721589e-02 -4.868937411256156131e-03
3.830504671849207288e+00 4.958188280392837655e+00 3.207660127923098070e+00 2.042973312602790453e-03 1.286305894392238136e-02 -4.869092395121234554e-03
3.833570755770373317e+00 4.977497491214181835e+00 3.200350623004743600e+00 1.824689024893070676e-03 1.149969152919700505e-02 -4.353376698511747522e-03
3.836433980326681148e+00 4.995582854723003230e+00 3.193504221462333703e+00 1.787759195539871714e-03 1.131880633584257494e-02 -4.284790637407795075e-03
3.839211589391405166e+00 5.013472235824808720e+00 3.186734601460787797e+00 1.716738300983059861e-03 1.125243987518890522e-02 -4.256500727364082894e-03
3.841520790556203213e+00 5.031035821872518632e+00 3.180111645734642778e+00 1.196590995908937546e-03 1.090802705056355057e-02 -4.099742982041753442e-03
3.843339314233781501e+00 5.046223534744369132e+00 3.175856827721815545e+00 1.096208688769584544e-03 8.254516965529271055e-03 -1.268599752607978137e-03
3.845398426818442239e+00 5.057205176234922384e+00 3.176254763557227356e+00 1.500144485884294734e-03 5.600873078867683354e-03 1.770679029429128234e-03
3.847818172105790246e+00 5.065813525733643630e+00 3.179371497349475550e+00 1.552661909646210021e-03 5.260330559601940868e-03 2.161732453038665153e-03
3.850285917012745251e+00 5.074121067861546486e+00 3.182839647950028716e+00 1.560893746160071276e-03 5.221369115170822542e-03 2.214064825016754095e-03
3.852769927941882333e+00 5.082423484107071232e+00 3.186367321389620866e+00 1.573229377344000221e-03 5.253860631908783066e-03 2.236832962516129529e-03
3.855334148490791257e+00 5.090986235458377251e+00 3.190014285289318519e+00 1.662258972917272362e-03 5.549788674531687394e-03 2.364574687692754668e-03
3.857557052872108816e+00 5.098406052257441701e+00 3.193177631024810559e+00 1.661183027313412703e-03 5.543509540928745656e-03 2.364912509955927576e-03
3.860113306336693029e+00 5.106919646518609746e+00 3.196827074295138793e+00 1.563854236949448065e-03 5.198233742765765580e-03 2.239623384815013669e-03
3.862533721615190707e+00 5.114834090217789786e+00 3.200374316301745292e+00 1.489753848944496209e-03 4.787541135187466448e-03 2.235964242387354119e-03
3.864512353447436599e+00 5.120122874418437497e+00 3.203995069038533483e+00 1.004901470483968509e-03 1.885669771997797476e-03 2.332372544262118538e-03
3.865394038523840337e+00 5.118969826733939854e+00 3.206940007203450627e+00 1.042787796954843443e-04 -3.339920654287976357e-03 1.383282826652050849e-03
3.865109650726702650e+00 5.110775013900173747e+00 3.208245066372131582e+00 -4.653705321109088814e-04 -6.999198108105355275e-03 2.633222420857268147e-04
3.864857036424990788e+00 5.107136336672701837e+00 3.208339343047277747e+00 -5.328608181479441586e-04 -7.378309012908741346e-03 1.091935672195166188e-04
3.864038980655503774e+00 5.095966351223447433e+00 3.208433462131835778e+00 -4.988761227307826618e-04 -6.714988849361023214e-03 9.557341105442155739e-06
3.863251064153222281e+00 5.085119481239104289e+00 3.208299244280301110e+00 -4.954055151264721629e-04 -6.970612177686766504e-03 -1.789012298393911177e-04
3.862465601358922029e+00 5.071942633844888526e+00 3.206913872000935140e+00 -4.972911714725955284e-04 -9.654740141838162940e-03 -1.569035623933601057e-03
3.861998241237977858e+00 5.061484153844510558e+00 3.204713814253284276e+00 -4.453598441940933629e-04 -1.142428335272589572e-02 -2.865166973015084457e-03
3.861343154785404685e+00 5.043927001807052335e+00 3.200111310039686963e+00 -3.807363389869296267e-04 -1.072778231256873993e-02 -2.941854615633509272e-03
3.860756866549601263e+00 5.026987789750587687e+00 3.195421014843015772e+00 -3.589379849277125585e-04 -1.064459596627929071e-02 -2.975933657919269028e-03
3.860274154781239364e+00 5.010083776521444321e+00 3.190551004443756167e+00 -2.501287261128161020e-04 -1.068342575256057102e-02 -3.168602927597305354e-03
3.860542922835414892e+00 4.992841016513635211e+00 3.184348169502097647e+00 5.889941922948356730e-04 -1.107245036571128001e-02 -4.657570552182421081e-03
3.862143536778650965e+00 4.974961369148752865e+00 3.175775641836501517e+00 1.430259466808772974e-03 -1.148699391214056016e-02 -6.158465873451357368e-03
3.864514251929385580e+00 4.956545968304722827e+00 3.165776652894096710e+00 1.560734586786361507e-03 -1.174797339309340168e-02 -6.457349769184958163e-03
3.864584974909304194e+00 4.956015916367264573e+00 3.165484832893664002e+00 1.575075289104172892e-03 -1.175417791798348023e-02 -6.481755336162217489e-03
3.867064800257439483e+00 4.937550486705002406e+00 3.155292942847758297e+00 1.553877505791226125e-03 -1.154381685752740860e-02 -6.377445390010456905e-03
3.869525706877383620e+00 4.919273213408470014e+00 3.145194339664381999e+00 1.551091265675434445e-03 -1.151679069941660347e-02 -6.364054449969963265e-03
3.871984122920813842e+00 4.901019993378094242e+00 3.135107636105589179e+00 1.550720370352163223e-03 -1.151347012592347611e-02 -6.362431525025646212e-03
3.874442314489584760e+00 4.882768797559911889e+00 3.125021839079288544e+00 1.550805500563926182e-03 -1.151423701539023084e-02 -6.362910669647912042e-03
3.876901590707243273e+00 4.864509564135152786e+00 3.114931447041971779e+00 1.552083527739300936e-03 -1.152361199264352078e-02 -6.368229092378550546e-03
3.879370127105716382e+00 4.846184789779356628e+00 3.104803980699661459e+00 1.562449382116727842e-03 -1.159693628457884006e-02 -6.409687658758753126e-03
3.881911898682122608e+00 4.827350045353181685e+00 3.094388210786774174e+00 1.644176020083275335e-03 -1.216709047124167609e-02 -6.731984339680339297e-03
3.884179506638743451e+00 4.810689123381257204e+00 3.085145034572429168e+00 1.664705014590831412e-03 -1.214434035193996501e-02 -6.755545860992439623e-03
3.886884267269504978e+00 4.792033387736267969e+00 3.074544269884701198e+00 1.748387068562222641e-03 -1.139383054126523118e-02 -6.619535733925632250e-03
3.890646342641395083e+00 4.775126090986358207e+00 3.062954895944195677e+00 2.999168398621545901e-03 -9.939044516089692860e-03 -8.002883181543508223e-03
3.895868316493652284e+00 4.759818929683970801e+00 3.048116245673009761e+00 3.589802568494333650e-03 -9.374513734195314904e-03 -1.071917734728910707e-02
3.898816290283615427e+00 4.750210772234707335e+00 3.036645061332515105e+00 2.091911646740385322e-03 -9.142638156808945843e-03 -1.138918587834945526e-02
3.901155727231103931e+00 4.736722106706289459e+00 3.019193242797793886e+00 8.605691787887638977e-04 -7.875373145182463022e-03 -1.062993290765808750e-02
3.903589214543680352e+00 4.726133807231527761e+00 3.001797588973734499e+00 2.211274850425291004e-03 -5.484825209959345513e-03 -1.131832235010479283e-02
3.909894231170507606e+00 4.720023020548001824e+00 2.982315010872573779e+00 5.745858064413388207e-03 -2.227411456216250862e-03 -1.326302432237079498e-02
3.916056288237706795e+00 4.718701126819933478e+00 2.969272920821874884e+00 6.907613279477259859e-03 -4.873307397170769371e-04 -1.351682575344586960e-02
3.926326414231798179e+00 4.718379312415213356e+00 2.948769562166084768e+00 6.050667611683324676e-03 8.182760632945909466e-05 -1.235244906486311980e-02
3.935829487164317353e+00 4.718566853538671779e+00 2.929307400048445587e+00 5.939505637212348296e-03 1.548639706615737802e-04 -1.220313857479906131e-02
3.945232456243143115e+00 4.718819756013163946e+00 2.909978461587903631e+00 5.924325908768741933e-03 1.642349273397075737e-04 -1.218435956032855490e-02
3.954621107383975431e+00 4.719081043707559431e+00 2.890665961867968203e+00 5.921435460189686771e-03 1.654360363489229828e-04 -1.218239766568487287e-02
3.964006366504636780e+00 4.719343405187623297e+00 2.871354826081775169e+00 5.920045508740008101e-03 1.655887993647904392e-04 -1.218263867267224514e-02
3.973389499642318246e+00 4.719605902345397119e+00 2.852043043771719244e+00 5.918753001318951580e-03 1.656071615796812096e-04 -1.218321339074604666e-02
3.982770507334942867e+00 4.719868415481621504e+00 2.832730251921935949e+00 5.917363801923538127e-03 1.656090196840964137e-04 -1.218391241816344818e-02
3.992149245584749817e+00 4.720130934261340450e+00 2.813416138885337148e+00 5.915889623421322942e-03 1.656143349008509921e-04 -1.218488034421371519e-02
4.001525986740571916e+00 4.720393496852913096e+00 2.794099293752326574e+00 5.914844074894718730e-03 1.656640308409334497e-04 -1.218735952915137727e-02
4.010904921673741796e+00 4.720656421256503421e+00 2.774769798991067127e+00 5.918657755843216052e-03 1.660678133417666793e-04 -1.220084049567103646e-02
4.020321663501741583e+00 4.720922231847427319e+00 2.755352010199316304e+00 5.962547182350157876e-03 1.692806272871206087e-04 -1.229876091357433136e-02
4.030058087777467435e+00 4.721210947028902538e+00 2.735260081645511487e+00 6.322018347165943124e-03 1.947704104669834349e-04 -1.305140878856955039e-02
4.038375764576179527e+00 4.721513290564899101e+00 2.718081537634308376e+00 6.312623792523567451e-03 2.644960006682842450e-04 -1.304289235343408446e-02
4.048092546215655396e+00 4.722350005123661099e+00 2.698082600619541083e+00 5.947470388127781490e-03 7.914218878654883218e-04 -1.218994907486299108e-02
4.050440033330197309e+00 4.722821171830907439e+00 2.693262660717528068e+00 4.948307887938610539e-03 1.395630025010483836e-03 -1.018141948671579325e-02
4.056899410024743524e+00 4.725525448014511909e+00 2.679994072528760540e+00 3.201943010057872567e-03 2.017467435432812421e-03 -6.559679377555722481e-03
4.061498670323357985e+00 4.729412644642696506e+00 2.670747173449973921e+00 2.601533689037194546e-03 2.887419016127248418e-03 -5.107217617329874552e-03
4.063294076846049485e+00 4.731489360620096285e+00 2.667228423416534433e+00 2.458385747832275269e-03 2.965316895663973069e-03 -4.809484238695604236e-03
4.066784286926458769e+00 4.735989050403884626e+00 2.660323435215260712e+00 1.945091876480509836e-03 2.712303787197583270e-03 -3.902602419627676164e-03
4.068805072975093751e+00 4.740808843687238650e+00 2.655540627232025219e+00 6.049643033841041245e-04 3.369708943702590370e-03 -2.131910081405449103e-03
4.069075382133370056e+00 4.747511738483333410e+00 2.654986243303848248e+00 -2.628433618127031879e-04 5.087936990422020807e-03 1.432438817519235538e-03
4.068944559379197301e+00 4.755263492068205977e+00 2.658553403511154212e+00 7.434486003849997602e-05 6.114167439549199334e-03 3.722568399336167316e-03
4.069108573354440317e+00 4.764889648703211300e+00 2.664656907681846043e+00 1.325416972926302833e-04 6.031209594987451718e-03 3.978278539793413116e-03
4.069323048539081888e+00 4.774445282650022548e+00 2.670991750876857473e+00 1.380601898168034593e-04 6.025221068479991518e-03 4.014450958520612844e-03
4.069530446298022852e+00 4.784024316174108726e+00 2.677379341577521998e+00 1.236378619753951500e-04 6.060745470229731216e-03 4.044830549277120442e-03
4.069631400498352924e+00 4.793858647358323566e+00 2.683952753682045334e+00 3.915465976009514154e-06 6.347398064203043679e-03 4.248903520379035056e-03
4.068895572761440427e+00 4.805686643216919407e+00 2.691942500836084218e+00 -9.309301494377007725e-04 8.576678259903457169e-03 5.831833412848226768e-03
4.066676418037560303e+00 4.821063410941468064e+00 2.702451361372869343e+00 -1.867602113952095263e-03 1.082491836507088433e-02 7.427291875710256841e-03
4.063597142288156938e+00 4.838578975614876931e+00 2.714474909848405115e+00 -2.017272871337009131e-03 1.127472904104920987e-02 7.742929014760173076e-03
4.060512715189932287e+00 4.855780066668751616e+00 2.726288443988145627e+00 -2.032779046252288641e-03 1.131152784591797980e-02 7.769071645878631617e-03
4.057312056503841191e+00 4.873584649778599065e+00 2.738517212638519993e+00 -2.005624767444524285e-03 1.115266685271473247e-02 7.660077412912927319e-03
4.054135484486573127e+00 4.891247209427586284e+00 2.750648462318851628e+00 -2.002302444184815306e-03 1.113235032389357435e-02 7.646031070995879496e-03
4.050960726933110934e+00 4.908892254499717112e+00 2.762766983571286250e+00 -2.003323905975433993e-03 1.113057124729528898e-02 7.644017839220799103e-03
4.047776156735224617e+00 4.926540828164850616e+00 2.774882451792345606e+00 -2.014678173994107098e-03 1.113680881185217728e-02 7.642179033434591713e-03
4.044512237753225214e+00 4.944234707814042729e+00 2.786986559450634005e+00 -2.103411274682334513e-03 1.118778237963788044e-02 7.629684113446759224e-03
4.040630500940670444e+00 4.962282390279439070e+00 2.799003955401099919e+00 -2.793970941439288293e-03 1.158357961731803012e-02 7.532774079968600212e-03
4.035649792662665547e+00 4.980973149061892258e+00 2.810877177818522643e+00 -3.489982907705224333e-03 1.199916126811646777e-02 7.447779050455564931e-03
4.030006681119348677e+00 5.000170246985377709e+00 2.822757228543199215e+00 -3.629852022850895039e-03 1.222208651030891498e-02 7.541389417576043093e-03
4.023926500212984259e+00 5.020611565140534083e+00 2.835365372551614360e+00 -4.040738545169091610e-03 1.356917436644490202e-02 8.366420994275354170e-03
4.019658838372455634e+00 5.034940586672448148e+00 2.844199923903226068e+00 -4.042239811554835908e-03 1.357007388627149737e-02 8.366266957430932086e-03
4.013567969871719932e+00 5.055388768678137801e+00 2.856806461403978314e+00 -3.643507660163667478e-03 1.222934346364559083e-02 7.539516509034705459e-03
4.007833366336905456e+00 5.074637560727865093e+00 2.868673473429181442e+00 -3.592009600671741253e-03 1.205700822380345420e-02 7.433200912823159992e-03
4.002144768814401843e+00 5.093732184818875908e+00 2.880445383976684148e+00 -3.585367949009821576e-03 1.203485619391660329e-02 7.419526106312982795e-03
3.996462097094348298e+00 5.112806991808588997e+00 2.892205059551167690e+00 -3.584520942609752733e-03 1.203200840409628276e-02 7.417763935655807134e-03
3.990780173381993645e+00 5.131879250907148915e+00 2.903963155883440006e+00 -3.584422635977232117e-03 1.203164196126329556e-02 7.417533561995286705e-03
3.985098328540110035e+00 5.150951181886597396e+00 2.915721043138491009e+00 -3.584421232459435776e-03 1.203159447338624476e-02 7.417500141017414374e-03
3.979416475809179232e+00 5.170023070088328510e+00 2.927478897469462105e+00 -3.584432564157017786e-03 1.203158799613446121e-02 7.417492021382975607e-03
3.973734603606060567e+00 5.189094952226976254e+00 2.939236741485150795e+00 -3.584445797423604051e-03 1.203158682471861494e-02 7.417487126130985382e-03
3.968052709998384664e+00 5.208166833077568114e+00 2.950994578042713368e+00 -3.584459570066926299e-03 1.203158637131816408e-02 7.417482611397672489e-03
3.962370794234337357e+00 5.227238713313645313e+00 2.962752407450822911e+00 -3.584473752270081644e-03 1.203158604963496144e-02 7.417478105600474464e-03
3.956688855633979873e+00 5.246310593085723006e+00 2.974510229679795170e+00 -3.584488382845468692e-03 1.203158578616388488e-02 7.417473553414721983e-03
3.951006893427236211e+00 5.265382472480277798e+00 2.986268044642904851e+00 -3.584503536665970078e-03 1.203158557363686459e-02 7.417468938195552475e-03
3.945324906705768075e+00 5.284454351579044307e+00 2.998025852228382249e+00 -3.584519313300966754e-03 1.203158541335230119e-02 7.417464244988774408e-03
3.939642894376569782e+00 5.303526230464623126e+00 3.009783652293966938e+00 -3.584535846177920940e-03 1.203158530512717268e-02 7.417459450278032253e-03
3.933960855083141528e+00 5.322598109191778448e+00 3.021541444685154953e+00 -3.584553334344016320e-03 1.203158521406165471e-02 7.417454562132509352e-03
3.928278786915276655e+00 5.341669987645444095e+00 3.033299229427431243e+00 -3.584572277462306014e-03 1.203158496096716316e-02 7.417449799576042967e-03
3.922596685715432407e+00 5.360741864451746608e+00 3.045057008172635804e+00 -3.584595012119210465e-03 1.203158313792787940e-02 7.417446995572482375e-03
3.916914532934072213e+00 5.379813728288237229e+00 3.056814795556237474e+00 -3.584637366312085158e-03 1.203156860903798614e-02 7.417460698720236903e-03
3.911232197487541473e+00 5.398885490144354371e+00 3.068572715675179641e+00 -3.584825544618319877e-03 1.203145455904986415e-02 7.417614468964005107e-03
3.905548668241987986e+00 5.417956455615231093e+00 3.080331753136744233e+00 -3.586144077986256219e-03 1.203056450547622044e-02 7.418870460108903386e-03
3.899856094133160145e+00 5.437021212988025987e+00 3.092099577461012938e+00 -3.596241306801152646e-03 1.202362720449752856e-02 7.428700933864175980e-03
3.899830410022317562e+00 5.437106781759585061e+00 3.092152537742516749e+00 -3.598536384759763816e-03 1.194637799134764915e-02 7.406830759859281930e-03
3.894135014214020973e+00 5.455567574807976605e+00 3.103747311425860023e+00 -3.587778524214133707e-03 1.134577321971133590e-02 7.222401060449940881e-03
3.888450055801791816e+00 5.469866480372478357e+00 3.114137123801082652e+00 -3.587887082238521222e-03 6.695291789740463913e-03 5.886520075717366525e-03
3.882461882095048278e+00 5.476870597722476752e+00 3.122793510708293585e+00 -3.970287939639468092e-03 2.142107500611778459e-03 5.035322320723909298e-03
3.880233241057838622e+00 5.477751494262022902e+00 3.125555248837803557e+00 -3.843286939016486974e-03 9.461650926461839155e-04 4.646947963336585212e-03
3.875245865422466629e+00 5.475369285604997138e+00 3.131161820745032021e+00 -2.452385612122429635e-03 -3.952685741099143911e-03 2.426915001829163532e-03
3.872149700253920024e+00 5.465404273847828343e+00 3.133666888450015175e+00 -1.456983151667282702e-03 -8.620883526232917676e-03 7.337517936274135042e-04
3.869942534982482307e+00 5.451263301858952026e+00 3.134657419371530640e+00 -1.328194022712011297e-03 -9.220995250900391668e-03 5.160101139167078957e-04
3.867850390897289881e+00 5.436585480968514794e+00 3.135453150348946227e+00 -1.311534346357794492e-03 -9.298161121135415166e-03 4.879709255695496655e-04
3.865773293060266180e+00 5.421838505253122165e+00 3.136223643823105256e+00 -1.309168272929543859e-03 -9.308239657376562309e-03 4.841677256310223114e-04
3.863699855609808775e+00 5.407081536314921166e+00 3.136989622524096966e+00 -1.306911301409746347e-03 -9.310769597375328013e-03 4.822745950437012539e-04
3.861640793428864349e+00 5.392314718220429626e+00 3.137745387254563756e+00 -1.291035431729675286e-03 -9.320674904534151720e-03 4.712806657634900469e-04
3.859692565251886087e+00 5.377480176301156156e+00 3.138425248407865187e+00 -1.167111742906610551e-03 -9.396284613264740612e-03 3.865063587089666124e-04
3.858608240246066412e+00 5.362121268955394982e+00 3.138515874337232781e+00 -2.013575094100901637e-04 -9.982795496002203756e-03 -2.721627961821430561e-04
3.859010664771291843e+00 5.345832062553810715e+00 3.137544374858695750e+00 7.087354510362803154e-04 -1.057001713647619245e-02 -9.535869659924354298e-04
3.860182920405271556e+00 5.329017001293242295e+00 3.135945167580688420e+00 7.702647889895728904e-04 -1.064574362320004110e-02 -1.064147457949265194e-03
3.861410085948150162e+00 5.312131692001681671e+00 3.134246696144847633e+00 7.780549700021140332e-04 -1.065861630995213090e-02 -1.078829460244111601e-03
3.862645435803229610e+00 5.295215478370469242e+00 3.132533058324368902e+00 7.805827827420570852e-04 -1.068473264799049000e-02 -1.083283023921760829e-03
3.863893867797219439e+00 5.278125148542284428e+00 3.130800094912969289e+00 7.944566573565481262e-04 -1.087830742825149181e-02 -1.103212734758074378e-03
3.865241275264283516e+00 5.259689418058845156e+00 3.128930332852136509e+00 9.046458981111207744e-04 -1.238229735502790335e-02 -1.255883128926751175e-03
3.865955826591017885e+00 5.249906505814975866e+00 3.127938112644493174e+00 9.041794616631732570e-04 -1.238229991443656926e-02 -1.255836449431668722e-03
3.867301559488323104e+00 5.231470675016110405e+00 3.126068251843549639e+00 7.946817251914732681e-04 -1.087829475735087315e-02 -1.103383995553454226e-03
3.868549727193946186e+00 5.214380155911417347e+00 3.124334729307377767e+00 7.802649749946867887e-04 -1.068496652956712339e-02 -1.083817215955814369e-03
3.869785023946420655e+00 5.197462246744693815e+00 3.122618653592728499e+00 7.783372364825985167e-04 -1.066051892956738391e-02 -1.081371181543914475e-03
3.871018731121246059e+00 5.180563680788845105e+00 3.120904488966819379e+00 7.782441508215994430e-04 -1.066056215815788626e-02 -1.081405977842713828e-03
3.872253709002436484e+00 5.163645439302896989e+00 3.119188280839305438e+00 7.799251082752287328e-04 -1.068534483648492066e-02 -1.083949486177253471e-03
3.873501227897370391e+00 5.146552337181062420e+00 3.117454277326082934e+00 7.939608505561662104e-04 -1.088119316968915069e-02 -1.103858578468611433e-03
3.874849040075317497e+00 5.128096735170984743e+00 3.115581889692155659e+00 9.056403242784503201e-04 -1.240448463462418514e-02 -1.258549994762351567e-03
3.875402046591835514e+00 5.120522805477667028e+00 3.114813421844819352e+00 9.057492241943735332e-04 -1.240414655771884291e-02 -1.258589104549682992e-03
3.876751237187181065e+00 5.102069655322247321e+00 3.112939991549344310e+00 7.974881652080610499e-04 -1.087830088012007798e-02 -1.105135004276015668e-03
3.878020370406764616e+00 5.084996455440057517e+00 3.111197329110526155e+00 8.039245409588077198e-04 -1.066312155327107589e-02 -1.093598105852462091e-03
3.879422444021274341e+00 5.068233028689245856e+00 3.109414566745851705e+00 9.651958255030213723e-04 -1.048755351052794126e-02 -1.155729446854552147e-03
3.881956358282727226e+00 5.052540140456823536e+00 3.107184223325444528e+00 2.232601343341532145e-03 -9.313101130447067055e-03 -1.658315210430121945e-03
3.886500114389522142e+00 5.038706000216904179e+00 3.104156935110799598e+00 3.501032271661465734e-03 -8.142354154546761758e-03 -2.161241970108051993e-03
3.892179088657011121e+00 5.025918299037222425e+00 3.100679376273483001e+00 3.664283208092445569e-03 -7.992111431888267864e-03 -2.226425766171882207e-03
3.898006419762846342e+00 5.013261702564164146e+00 3.097140409854880261e+00 3.688131685721519806e-03 -7.976851370537271085e-03 -2.238720476087844528e-03
3.903873013620354993e+00 5.000593588823377011e+00 3.093566377071882201e+00 3.713793407907837671e-03 -8.006644006084138662e-03 -2.270669318296223912e-03
3.903937571198484946e+00 5.000454701931890789e+00 3.093526649192223310e+00 3.707599338395773433e-03 -7.959477266213590627e-03 -2.296357413953003992e-03
3.909754188397301267e+00 4.988154066646560025e+00 3.089749632309913618e+00 3.631536560945215070e-03 -7.560303764458243224e-03 -2.469139271843415803e-03
3.915182373081197653e+00 4.978399320292288266e+00 3.084604828552111933e+00 3.219011834097517104e-03 -4.747095691456794386e-03 -4.022106603097559858e-03
3.919272788545253849e+00 4.975416365796140994e+00 3.076145453398736240e+00 1.945474520016048439e-03 9.842660194932979518e-04 -6.651164264747909567e-03
3.921643345188451590e+00 4.980264915872739451e+00 3.063738081770494226e+00 1.048063558743857291e-03 5.133753990028775555e-03 -9.003329801922376613e-03
3.922235391835481977e+00 4.983505349135483264e+00 3.058250047260512083e+00 9.122326545741785142e-04 5.594915862719916123e-03 -9.166811781444648977e-03
3.923550416222453929e+00 4.991975918851653482e+00 3.044558437895793723e+00 7.466350179478241584e-04 5.092585418098522117e-03 -8.108016762844071773e-03
3.924717153994758956e+00 4.999997271897839823e+00 3.031813959537879466e+00 7.254102371248800701e-04 5.028045101169481730e-03 -7.971807942546708242e-03
3.925864867355579602e+00 5.007961418342610216e+00 3.019191703761443968e+00 7.226671117159084133e-04 5.020395807278973249e-03 -7.953807415861203350e-03
3.927010063554157160e+00 5.015922755385673781e+00 3.006588569399037514e+00 7.222416187838646279e-04 5.024499010418240902e-03 -7.947682279881167905e-03
3.928154470216933092e+00 5.023919121120556497e+00 2.994014431081401195e+00 7.216933373778364191e-04 5.064591916793976037e-03 -7.917222841431179742e-03
3.929294993847214812e+00 5.032195210374291072e+00 2.981650458360521672e+00 7.175120473230794937e-04 5.377431090892538512e-03 -7.682514427573490165e-03
3.930402935485675542e+00 5.042647512877990401e+00 2.970918974793219647e+00 6.819033280482781918e-04 7.810360393814017553e-03 -5.857496371208891980e-03
3.931455707058236992e+00 5.056956797105941703e+00 2.963080274870354636e+00 6.479037209068934464e-04 1.024382055951949567e-02 -4.032662891336686976e-03
3.932478964947561995e+00 5.073446325493702780e+00 2.956872624453491749e+00 6.433490463010051131e-04 1.056117683572724113e-02 -3.799586317475369540e-03
3.933499884101012256e+00 5.090247119424578415e+00 2.950863795622605146e+00 6.448023568596932551e-04 1.063654351330886594e-02 -3.781807881005745664e-03
3.934534825773944089e+00 5.107328360159957725e+00 2.944795798055426239e+00 6.611677682261794418e-04 1.091500995455528707e-02 -3.874240052284966436e-03
3.935511624043815715e+00 5.123451787877920438e+00 2.939076738437024883e+00 6.617893889850990979e-04 1.092217113049324083e-02 -3.871514343329023142e-03
3.936551448740483128e+00 5.140589294389615205e+00 2.933030179880392829e+00 6.500304654873886607e-04 1.070039089951337237e-02 -3.757483794609513435e-03
3.937609876830377775e+00 5.157835081807318645e+00 2.927191293148543316e+00 6.856224334043591571e-04 1.105876071808265838e-02 -3.609492905890217176e-03
3.938924886484165278e+00 5.177786499801542597e+00 2.922306989504709573e+00 9.754399976408056156e-04 1.411395252327360579e-02 -2.553077596808020055e-03
3.939862759773921308e+00 5.192860313028655028e+00 2.920366365634713635e+00 8.857526236662056603e-04 1.578912890041194589e-02 -1.296682051676280182e-03
3.940955701996832872e+00 5.216962456281322602e+00 2.918598224271205410e+00 4.924974080154455921e-04 1.462101879782256274e-02 -9.341980503651534703e-04
3.941695719676155285e+00 5.240019847148023935e+00 2.917153925446395846e+00 4.410972427664975465e-04 1.447074220493768312e-02 -8.880869638124304268e-04
3.942388925617951845e+00 5.262942831133533339e+00 2.915750490550951923e+00 4.335160105658317393e-04 1.445140909703058162e-02 -8.826396575835348830e-04
3.943074541138960942e+00 5.285848523551141653e+00 2.914351540032007470e+00 4.315308092144934382e-04 1.444892178788088379e-02 -8.824289850397772734e-04
3.943757562320350019e+00 5.308751991255826752e+00 2.912952382704578014e+00 4.302440531499736624e-04 1.444860172106358920e-02 -8.829005897369700262e-04
3.944438599919549038e+00 5.331655172651727170e+00 2.911552401123215450e+00 4.290282760386493759e-04 1.444856050520811931e-02 -8.834689537531596661e-04
3.945117700567366992e+00 5.354558317185296623e+00 2.910151500461162666e+00 4.278002034229468802e-04 1.444855521916116152e-02 -8.840602022350452140e-04
3.945794831891976440e+00 5.377461457121100352e+00 2.908749649810920435e+00 4.265435630605810555e-04 1.444855472193502799e-02 -8.846675625261087072e-04
3.946469940491839967e+00 5.400364597418947810e+00 2.907346821136970849e+00 4.252481110969838041e-04 1.444855570010292883e-02 -8.852941836754642810e-04
3.947142955136568876e+00 5.423267744314049565e+00 2.905942979043657726e+00 4.239016016622783952e-04 1.444856307751974690e-02 -8.859462029904034350e-04
3.947813782851865128e+00 5.446170941384980146e+00 2.904538074855845142e+00 4.224888692934404512e-04 1.444861904862290540e-02 -8.866342380019882029e-04
3.948482308945036490e+00 5.469074526085174526e+00 2.903132026839997160e+00 4.209978553076908236e-04 1.444905220174834762e-02 -8.873893812664356701e-04
3.949148446198201157e+00 5.491981121679701872e+00 2.901724593002554364e+00 4.194766690837235454e-04 1.445241794136666036e-02 -8.883827417616777487e-04
3.949812575889385613e+00 5.514911128033230803e+00 2.900314420823745909e+00 4.184790819222655505e-04 1.447858945294146389e-02 -8.908443715686976960e-04
3.950478944384566926e+00 5.538023192530389771e+00 2.898891721400424615e+00 4.224117370836134693e-04 1.468211936272201951e-02 -9.041884805419514969e-04
3.951181039490775593e+00 5.562551104030778681e+00 2.897381416727368375e+00 4.644138732424230877e-04 1.626495337736338226e-02 -1.001376715023016926e-03
3.951338386235425215e+00 5.568098455957503745e+00 2.897040256338140995e+00 4.581522564852947817e-04 1.626067726093052140e-02 -9.989392050445352906e-04
3.952016486444625887e+00 5.592592544482611672e+00 2.895554525703919246e+00 3.964079969623010590e-04 1.464378525688449229e-02 -8.756207013542557276e-04
3.952551252261141013e+00 5.615437114923560458e+00 2.894352136661768160e+00 2.780228401057502677e-04 1.417949986900414287e-02 -6.414445313287286477e-04
3.952341940903671080e+00 5.636285071754237208e+00 2.894724925905316049e+00 -5.433913774564560128e-04 1.212507630019870296e-02 1.111796123599231726e-03
3.950814537964010498e+00 5.653991804107386443e+00 2.897904773252879984e+00 -1.384936721516175822e-03 1.021619963949196679e-02 2.900246307856854579e-03
3.948400704630194102e+00 5.670841174265883744e+00 2.902940513905572395e+00 -1.660107980753350353e-03 1.104298190194752394e-02 3.453393651586764059e-03
3.947821741430533660e+00 5.674659075384997031e+00 2.904141494944280755e+00 -1.682836408084920294e-03 1.100161595504661922e-02 3.481081372313045430e-03
3.945264722248239764e+00 5.691184626915365641e+00 2.909406399347043148e+00 -1.544099058322244119e-03 9.848743030781788657e-03 3.161696582932850292e-03
3.942734382178610719e+00 5.706332133358238856e+00 2.914459373282476840e+00 -1.648822196932692250e-03 9.263074852734890993e-03 3.213686766690680447e-03
3.939853491573917399e+00 5.718259325169049667e+00 2.920373188541561138e+00 -1.988191432062119419e-03 5.785787464810472798e-03 4.247827940742986141e-03
3.937134922744342624e+00 5.722813043659146004e+00 2.928325293241283322e+00 -1.445480643535484305e-03 -4.065525381456084990e-05 5.785415164185051320e-03
3.934979965854815465e+00 5.720188958786619260e+00 2.938481235816987169e+00 -1.275460641733601550e-03 -3.270283329389864907e-03 7.028430310621718892e-03
3.933465767018459847e+00 5.716937343126460291e+00 2.945267236011853473e+00 -1.856419168964378507e-03 -3.454794196521604292e-03 7.007013451587627839e-03
3.930542291414973910e+00 5.711713426488787881e+00 2.955763165944794935e+00 -1.831962812730147851e-03 -3.136286250508160071e-03 6.235797176040452569e-03
3.927615785778364454e+00 5.706758896736920050e+00 2.965554936815712139e+00 -1.860427034428123981e-03 -3.114873279381314732e-03 6.118569533831602972e-03
3.924473366589239287e+00 5.701701589925213476e+00 2.975131114747226579e+00 -2.104490469224494422e-03 -3.265826905763331411e-03 5.963781595963124800e-03
3.921284845960549159e+00 5.695063654877501769e+00 2.983928908265601532e+00 -1.919646810102080365e-03 -5.109433784141088897e-03 5.136474812871283553e-03
3.918483107638114582e+00 5.684973398052655114e+00 2.991779868597300496e+00 -1.616899165342275879e-03 -7.621727432463564975e-03 4.769153519441522715e-03
3.917955253763167001e+00 5.682398016406929209e+00 2.993348536858540410e+00 -1.555912114556413190e-03 -7.858170867054517852e-03 4.659667403190141145e-03
3.915629984417725584e+00 5.670451212152000764e+00 3.000339040858960082e+00 -1.377504910207288978e-03 -7.215336513369518916e-03 4.160315319702886927e-03
3.913464437316690692e+00 5.659079375912543064e+00 3.006882866705042900e+00 -1.354737356400649616e-03 -7.132631428943356049e-03 4.096089497546877636e-03
3.911319235074403711e+00 5.647781518288748082e+00 3.013369232630066286e+00 -1.351880418118423530e-03 -7.121984603856130504e-03 4.087817612674858429e-03
3.909176547268993218e+00 5.636493187923877102e+00 3.019848189345420320e+00 -1.351570633065005437e-03 -7.120609211145086624e-03 4.086741230058096343e-03
3.907034090986105657e+00 5.625206091369475025e+00 3.026326173141323128e+00 -1.351589046476374661e-03 -7.120427689278707381e-03 4.086590071320539939e-03
3.904891568185594686e+00 5.613919160152450516e+00 3.032804011148535928e+00 -1.351654655121372391e-03 -7.120400574042891166e-03 4.086557287136425090e-03
3.902748929749904505e+00 5.602632255663959171e+00 3.039281807566802662e+00 -1.351734957359275024e-03 -7.120393956492313339e-03 4.086537598167404826e-03
3.900606156721180717e+00 5.591345359010333915e+00 3.045759566141689412e+00 -1.351824474659401578e-03 -7.120390682985341772e-03 4.086509539798831823e-03
3.898463242406571716e+00 5.580058465485408625e+00 3.052237274864944894e+00 -1.351913220874480974e-03 -7.120390009460454868e-03 4.086474699909060926e-03
3.896320191601639671e+00 5.568771561711675311e+00 3.058714936439063781e+00 -1.351996694831521153e-03 -7.120403617284539431e-03 4.086450051302823253e-03
3.894176998068128448e+00 5.557484550930128719e+00 3.065192610273691276e+00 -1.352093370097408407e-03 -7.120525014022819309e-03 4.086490169104765695e-03
3.892033531237693467e+00 5.546196685014992411e+00 3.071670731050776038e+00 -1.352342036607841625e-03 -7.121482452891311418e-03 4.087013962681911201e-03
3.889888710238626146e+00 5.534902148004750444e+00 3.078152649445862643e+00 -1.353805983887561726e-03 -7.128941241972604898e-03 4.091281658410834098e-03
3.887734130469215454e+00 5.523555702111118570e+00 3.084664397148883186e+00 -1.364686243481253326e-03 -7.186970525570265250e-03 4.124649872853522296e-03
3.885504862623385680e+00 5.511805461939752071e+00 3.091408392208302214e+00 -1.448285458582812459e-03 -7.638367074053967025e-03 4.384310268472233797e-03
3.885259607366239987e+00 5.510510296330090263e+00 3.092151910067047815e+00 -1.443783951667950089e-03 -7.634329905937002093e-03 4.383311887783469113e-03
3.883065644639016156e+00 5.498792716851017559e+00 3.098886956933804893e+00 -1.324060690628903626e-03 -7.149925887138051071e-03 4.114358237160946515e-03
3.881193371486370669e+00 5.487705206883140008e+00 3.105327166768343528e+00 -1.038013029702300905e-03 -6.839468700499310057e-03 4.011313312275457087e-03
3.881242934699750347e+00 5.478428095216822946e+00 3.111253337032811039e+00 1.101774725132023680e-03 -4.866882480081557300e-03 3.465789818255496282e-03
3.885642714132780284e+00 5.474253294516299384e+00 3.115391477092437800e+00 4.452251108287579376e-03 -4.025877421504853127e-04 1.755339277533126763e-03
3.894056522775765306e+00 5.476077060623707027e+00 3.117075613500225106e+00 6.165472318674165148e-03 2.702584862001059136e-03 3.695510048827486374e-04
3.904486567731018543e+00 5.480904172141629616e+00 3.117539949991316561e+00 6.994651922278134239e-03 3.387311699106761251e-03 2.163065854699352131e-04
3.906570522330547135e+00 5.481919126204142678e+00 3.117600882055067579e+00 7.020663815813005595e-03 3.438599388391255438e-03 1.934824342015686361e-04
3.917211500827547432e+00 5.487144881331539104e+00 3.117884951793617798e+00 6.404995160848931529e-03 3.155168527144011897e-03 1.649309485757184158e-04
3.927301474118724656e+00 5.492117967748313845e+00 3.118143048847771492e+00 6.325608839334665931e-03 3.119471223361839404e-03 1.607124611593321048e-04
3.937318826704936381e+00 5.497064424679738437e+00 3.118394024651583774e+00 6.313392337054639543e-03 3.121528062222242699e-03 1.559460020008786980e-04
3.947312804272285813e+00 5.502053754417548959e+00 3.118614723121741594e+00 6.296147427457333620e-03 3.173567378799492175e-03 1.225112728451237254e-04
3.957194176998102275e+00 5.507408574452886008e+00 3.118603233733728164e+00 6.171539807802240221e-03 3.582737438297562641e-03 -1.370075386030396888e-04
3.966205017507898223e+00 5.515608646445456564e+00 3.116786558426642539e+00 5.199512376556607827e-03 6.763976024087305604e-03 -2.155108283179851727e-03
3.973681432426883653e+00 5.528865509733215333e+00 3.111764856676963564e+00 4.235549806202853519e-03 9.962934020195730184e-03 -4.180818664151284524e-03
3.980337906304129092e+00 5.545102979215474903e+00 3.104878227697211557e+00 4.163342935991437566e-03 1.052408035075561368e-02 -4.508103996752528021e-03
3.987250577151443043e+00 5.562767343712856416e+00 3.097287138670897999e+00 4.559217902424394717e-03 1.176296978971419147e-02 -5.069642336846313935e-03
3.988585886788021728e+00 5.566253310781566377e+00 3.095779395323583039e+00 4.570558529675874081e-03 1.207118303657920937e-02 -5.239057160961100440e-03
3.995594030718713885e+00 5.586335196184283980e+00 3.086857194690217465e+00 4.272434605533338182e-03 1.326650796666624561e-02 -6.018164840734438123e-03
3.999074847792574161e+00 5.600306260425744753e+00 3.080166079269665680e+00 3.022558697761599210e-03 1.600996852588325303e-02 -8.002895146589552450e-03
4.002701433551713706e+00 5.626398968019518776e+00 3.066671966674040739e+00 1.553704413152853661e-03 1.691236229970724189e-02 -9.022749920924345510e-03
4.005014396648077124e+00 5.653299287408186657e+00 3.052265599539917940e+00 1.364657667060636568e-03 1.702814375220091520e-02 -9.153895026991114639e-03
4.007158286318284190e+00 5.680303227668249910e+00 3.037741922497865676e+00 1.340319887887769356e-03 1.704299926188806644e-02 -9.170760902836491354e-03
4.009280403985612473e+00 5.707320463445412884e+00 3.023203157498881133e+00 1.337179643915481671e-03 1.704490564413222581e-02 -9.172931640010819135e-03
4.011399706707619472e+00 5.734339405720476179e+00 3.008662449194177579e+00 1.336767207920348680e-03 1.704515066936046486e-02 -9.173212789404593809e-03
4.013518633684335590e+00 5.761358567723976698e+00 2.994121487737547493e+00 1.336705429558469839e-03 1.704518265942552707e-02 -9.173251044108409955e-03
4.015637498126868543e+00 5.788377758908207049e+00 2.979580490315592023e+00 1.336688290962899980e-03 1.704518745918976591e-02 -9.173258167184155515e-03
4.017756339477628558e+00 5.815396955075759600e+00 2.965039484678672732e+00 1.336676292361238701e-03 1.704518894373331997e-02 -9.173261409002653188e-03
4.019875161723206247e+00 5.842416153428139580e+00 2.950498474177963182e+00 1.336664185619514979e-03 1.704519021587387953e-02 -9.173264303872817951e-03
4.021993963977735120e+00 5.869435353954618684e+00 2.935957458951389931e+00 1.336651069567954594e-03 1.704519168744306895e-02 -9.173267371668493431e-03
4.024112744422363441e+00 5.896454556737511510e+00 2.921416438463870335e+00 1.336636667775846325e-03 1.704519306361204634e-02 -9.173270941656702995e-03
4.026231500920385287e+00 5.923473761995498243e+00 2.906875411651623775e+00 1.336620856113762733e-03 1.704519481117041865e-02 -9.173275351634351676e-03
4.028350231224025357e+00 5.950492973793020113e+00 2.892334375636305577e+00 1.336603621004822228e-03 1.704520131549155243e-02 -9.173282553255840063e-03
4.030468934694247274e+00 5.977512224149834630e+00 2.877793313307249967e+00 1.336587022281393502e-03 1.704524346139870902e-02 -9.173308551917598239e-03
4.032587628247862099e+00 6.004531759423921145e+00 2.863252092551715311e+00 1.336591280320674046e-03 1.704556078534429781e-02 -9.173482441390446926e-03
4.034706466873766217e+00 6.031553494661759274e+00 2.848709682310757607e+00 1.336771393544299198e-03 1.704801906714619592e-02 -9.174809336536290938e-03
4.036826658245856514e+00 6.058592326085971536e+00 2.834158062982368165e+00 1.338308415353638928e-03 1.706713036183440946e-02 -9.185101631085441920e-03
4.038957453700951383e+00 6.085764109845405834e+00 2.819534871219167460e+00 1.350231258434039057e-03 1.721575982945030420e-02 -9.265112931016675907e-03
4.041169584297181316e+00 6.113969913222264907e+00 2.804355132361580516e+00 1.441556541286355018e-03 1.837171333181350508e-02 -9.887302181527637263e-03
4.041432320001472789e+00 6.117320922686400486e+00 2.802551704460501725e+00 1.439317206024742909e-03 1.837180855152913128e-02 -9.887124812397946397e-03
4.043643072883628342e+00 6.145526576512412298e+00 2.787372290355625726e+00 1.349293775835679445e-03 1.721558874790162993e-02 -9.264880556685803001e-03
4.045772437932239285e+00 6.172696819994649253e+00 2.772750667014938664e+00 1.337255209418321744e-03 1.706537296884530139e-02 -9.183355112410576324e-03
4.047887074285817732e+00 6.199723305747536273e+00 2.758211307423187986e+00 1.330784491894774916e-03 1.703420479147544145e-02 -9.161087633558594526e-03
4.049965738879949484e+00 6.226648806298106464e+00 2.743764528598130248e+00 1.291828783270360104e-03 1.693797919092283541e-02 -9.066545113781623519e-03
4.051775855742905108e+00 6.252919384464102670e+00 2.729967424347414795e+00 9.915607063881277331e-04 1.620804557737936386e-02 -8.341387291371696322e-03
4.053109617302903089e+00 6.278033570614146797e+00 2.717319530081163670e+00 6.908067709019583436e-04 1.547894870487155281e-02 -7.616576383723619621e-03
4.054173939941675187e+00 6.302498217015397586e+00 2.705318598013669806e+00 6.520040138978178742e-04 1.538835213238959158e-02 -7.525109178225943864e-03
4.055202292447261492e+00 6.326901603188830769e+00 2.693388854628679940e+00 6.454875029849645868e-04 1.540163600646366274e-02 -7.526756973032297862e-03
4.056215619993831289e+00 6.351470544236266669e+00 2.681375113080310069e+00 6.331602948645209455e-04 1.559723790431217193e-02 -7.631090427892788138e-03
4.057252204800063211e+00 6.377409610366101766e+00 2.668678177514635319e+00 6.756635490411898575e-04 1.713030172116005584e-02 -8.388749102448632075e-03
4.057456786381263392e+00 6.382604641037491255e+00 2.666134740844142481e+00 6.717400592312205033e-04 1.708505100469964039e-02 -8.362755595976748349e-03
4.058478049694625334e+00 6.408188084380171290e+00 2.653640848084940274e+00 6.156220592283887091e-04 1.519385733119528806e-02 -7.400902971592051606e-03
4.059492536067221380e+00 6.429945318506058882e+00 2.643282700253124062e+00 6.625392141059308678e-04 1.225742239550717087e-02 -5.668066721051744604e-03
4.060537195246777920e+00 6.447243233168329368e+00 2.635585010774501580e+00 6.538447959822156832e-04 9.567526214804363341e-03 -4.044178376522247244e-03
4.061549546174374470e+00 6.462616625057886921e+00 2.629144784960047776e+00 6.236119279647405747e-04 9.829247137084719602e-03 -4.081513334918943428e-03
4.062347189515877588e+00 6.475291194272190687e+00 2.623887976378869169e+00 6.107036465547305282e-04 9.784409507436505130e-03 -4.053294443902144030e-03
4.063280088558369307e+00 6.490310837723573201e+00 2.617667791257306309e+00 5.659602383654471812e-04 9.166045108471082212e-03 -3.794769916276113930e-03
4.064168658255186806e+00 6.504771132262375133e+00 2.611681779955289606e+00 5.551031908176920927e-04 9.078652589779197257e-03 -3.757835197698528289e-03
4.065038666488732133e+00 6.519102768928892289e+00 2.605750225537470044e+00 5.425487938770403966e-04 9.003717305218280828e-03 -3.726061168275901156e-03
4.065859254765555875e+00 6.532972165033104517e+00 2.600011943238630607e+00 4.924799138592615786e-04 8.495462622604791139e-03 -3.513982000543765249e-03
4.066465638500002200e+00 6.543302823785043465e+00 2.595738252618763120e+00 2.701392954195409044e-04 4.538965962398142789e-03 -1.878172474720766821e-03
4.066726367219943405e+00 6.547361300255890804e+00 2.594057057165502389e+00 5.636289414618135155e-05 5.817853457486927247e-04 -2.430071785165964157e-04
4.066787416390510224e+00 6.547880807279967463e+00 2.593838986745066411e+00 2.034738338960449436e-05 7.370400749179471214e-05 -3.213426200120980463e-05
4.066812578123344402e+00 6.547946240642140481e+00 2.593809730738938057e+00 1.135909786507404380e-05 8.859479107865655988e-06 -4.778308048099019875e-06
4.066829374454887791e+00 6.547954404822071695e+00 2.593804619632541275e+00 9.828396935990525618e-06 1.442296584765414587e-06 -1.670421558697469784e-06
4.066834061264236411e+00 6.547955013307332095e+00 2.593803848939620682e+00 1.050276328369494178e-05 1.197167608683565300e-06 -1.672815326872959784e-06
